LIGAND : NONBOND :TOTAL ENERGY
mol0 :  -7.744065  7.995048 
mol1 :  -5.357102  19.628902 
mol2 :  14.009532  82.133461 
mol3 :  17.491615  31.725407 
mol4 :  30.387207  52.273331 
