LIGAND : NONBOND :TOTAL ENERGY
mol0 :  -8.861091  9.695222 
mol1 :  -9.561476  14.726950 
mol2 :  6.178728  64.277763 
mol3 :  18.286041  29.409288 
mol4 :  29.977486  51.150833 
